1 00:00:00:143 ALL 2 3 0 25 False 
2 00:00:00:474 ALL 2 0 0 0 False 
3 00:00:00:631 1 2 1 0 25 False 
4 00:00:00:683 1 2 0 0 0 False 
5 00:00:00:804 2 2 1 0 25 False 
6 00:00:00:866 2 2 0 0 0 False 
7 00:00:00:954 3 2 1 0 25 False 
8 00:00:01:006 3 2 0 0 0 False 
9 00:00:01:110 3 2 1 0 25 False 
10 00:00:01:184 3 2 0 0 0 False 
11 00:00:01:277 4 2 1 0 25 False 
12 00:00:01:331 4 2 0 0 0 False 
13 00:00:01:447 5 2 1 0 25 False 
14 00:00:01:509 5 2 0 0 0 False 
15 00:00:01:611 6 2 1 0 25 False 
16 00:00:01:670 6 2 0 0 25 False 
