1 00:00:00:165 1 2 1 0 17 False 
2 00:00:00:172 1 2 12 0 60 False 
3 00:00:01:051 2 2 1 0 17 False 
4 00:00:01:058 2 2 12 0 60 False 
5 00:00:02:100 3 2 1 0 17 False 
6 00:00:02:121 3 2 12 0 60 False 
7 00:00:03:137 4 2 1 0 30 False 
8 00:00:03:165 4 2 12 0 60 False 
9 00:00:04:259 5 2 1 0 30 False 
10 00:00:04:302 5 2 12 0 60 False 
11 00:00:05:265 6 2 1 0 30 False 
12 00:00:05:288 6 2 12 0 60 False 
13 00:00:06:431 6 2 5 0 30 False 
14 00:00:06:670 6 2 12 0 80 False 
15 00:00:06:430 1 2 5 0 30 False 
16 00:00:06:670 1 2 12 0 80 False 
17 00:00:07:260 2 2 5 0 30 False 
18 00:00:07:260 5 2 5 0 30 False 
19 00:00:07:260 5 2 5 0 30 False 
20 00:00:07:457 5 2 12 0 80 False 
21 00:00:07:457 2 2 12 0 80 False 
22 00:00:08:397 3 2 5 0 30 False 
23 00:00:08:397 4 2 5 0 30 False 
24 00:00:08:587 4 2 12 0 50 False 
25 00:00:08:587 3 2 12 0 50 False 
26 00:00:09:345 1 2 4 0 22 False 
27 00:00:09:393 1 2 12 0 22 False 
28 00:00:09:557 2 2 4 0 22 False 
29 00:00:09:600 2 2 12 0 22 False 
30 00:00:09:745 3 2 4 0 22 False 
31 00:00:09:787 3 2 12 0 22 False 
32 00:00:09:894 4 2 4 0 22 False 
33 00:00:09:921 4 2 12 0 22 False 
34 00:00:10:011 5 2 4 0 22 False 
35 00:00:10:048 5 2 12 0 22 False 
36 00:00:10:134 6 2 4 0 22 False 
37 00:00:10:176 6 2 12 0 22 False 
38 00:00:10:351 1 2 7 0 94 False 
39 00:00:10:378 1 2 12 0 60 False 
40 00:00:10:467 2 2 7 0 94 False 
41 00:00:10:500 2 2 12 0 60 False 
42 00:00:10:581 3 2 7 0 94 False 
43 00:00:10:605 3 2 12 0 60 False 
44 00:00:10:675 4 2 7 0 94 False 
45 00:00:10:705 4 2 12 0 60 False 
46 00:00:10:799 5 2 7 0 94 False 
47 00:00:10:834 5 2 12 0 60 False 
48 00:00:10:937 6 2 7 0 94 False 
49 00:00:10:967 6 2 12 0 60 False 
50 00:00:11:547 ALL 2 4 0 94 False 
51 00:00:11:595 ALL 2 12 0 50 False 
52 00:00:12:695 ALL 2 7 0 90 False 
53 00:00:12:740 ALL 2 12 0 90 False 
54 00:00:13:665 3 1 0 5 0 False 
55 00:00:13:665 4 1 0 5 0 False 
56 00:00:13:694 4 2 12 0 21 False 
57 00:00:13:694 3 2 12 0 21 False 
58 00:00:13:731 2 1 0 5 0 False 
59 00:00:13:731 5 1 0 5 0 False 
60 00:00:13:753 2 2 12 0 21 False 
61 00:00:13:753 5 2 12 0 21 False 
62 00:00:13:779 1 1 0 5 0 False 
63 00:00:13:779 6 1 0 5 0 False 
64 00:00:13:796 6 2 12 0 50 False 
65 00:00:13:796 1 2 12 0 50 False 
66 00:00:14:503 3 1 0 51 0 False 
67 00:00:14:503 4 1 0 51 0 False 
68 00:00:14:513 4 2 12 0 21 False 
69 00:00:14:513 3 2 12 0 21 False 
70 00:00:14:552 2 1 0 51 0 False 
71 00:00:14:552 5 1 0 51 0 False 
72 00:00:14:576 5 2 12 0 21 False 
73 00:00:14:619 6 1 0 51 0 False 
74 00:00:14:619 1 1 0 51 0 False 
75 00:00:14:637 1 2 12 0 50 False 
76 00:00:14:637 6 2 12 0 50 False 
77 00:00:14:575 2 2 12 0 21 False 
78 00:00:15:682 1 2 6 0 81 False 
79 00:00:15:728 2 2 6 0 81 False 
80 00:00:15:775 3 2 6 0 81 False 
81 00:00:15:819 4 2 6 0 81 False 
82 00:00:15:874 5 2 6 0 81 False 
83 00:00:15:926 6 2 6 0 81 False 
84 00:00:16:153 ALL 2 5 0 61 False 
85 00:00:16:232 ALL 2 12 0 84 False 
86 00:00:16:656 1 2 9 0 25 False 
87 00:00:16:659 2 2 9 0 25 False 
88 00:00:17:900 3 2 9 0 25 False 
89 00:00:17:900 4 2 9 0 25 False 
90 00:00:18:887 5 2 9 0 25 False 
91 00:00:18:887 6 2 9 0 25 False 
94 00:00:19:812 ALL 1 0 40 0 False 
95 00:00:20:114 ALL 2 12 0 36 False 
94 00:00:20:643 ALL 1 0 74 0 False 
95 00:00:20:715 ALL 2 12 0 44 False 
96 00:00:22:942 ALL 1 0 23 0 False 
97 00:00:23:039 ALL 2 12 0 50 False 
98 00:00:24:950 1 2 2 0 11 False 
99 00:00:25:842 1 2 0 0 0 False 
100 00:00:25:842 2 2 2 0 11 False 
101 00:00:26:672 2 2 0 0 0 False 
102 00:00:26:672 3 2 2 0 11 False 
103 00:00:27:486 3 2 0 0 0 False 
104 00:00:27:486 4 2 2 0 11 False 
105 00:00:28:322 4 2 0 0 0 False 
106 00:00:28:322 5 2 2 0 11 False 
107 00:00:29:212 5 2 0 0 0 False 
108 00:00:29:234 ALL 2 2 0 11 False 
109 00:00:31:162 ALL 2 2 100 10 False 
112 00:00:30:138 ALL 2 0 0 0 False 
111 00:00:31:929 ALL 2 0 0 0 False 
112 00:01:00:346 1 2 0 0 0 False 
